2025-12-08 11:40:23 | INFO | ================================================================================
2025-12-08 11:40:23 | INFO | KEYSTROKE DYNAMICS - ZERO TRUST TELEHEALTH PLATFORM
2025-12-08 11:40:23 | INFO | ================================================================================
2025-12-08 11:40:23 | INFO | Starting testing pipeline...
2025-12-08 11:40:24 | INFO | Loading configuration from: config.yaml
2025-12-08 11:40:24 | INFO | Configuration loaded successfully
2025-12-08 11:40:24 | INFO | Using device: cpu
2025-12-08 11:40:24 | INFO | KeystrokePreprocessor initialized
2025-12-08 11:40:24 | INFO | AnomalyDetector initialized with method: isolation_forest
2025-12-08 11:40:24 | INFO | Loading model from: models/checkpoints\best_model.pth
2025-12-08 11:40:24 | INFO | Running comprehensive tests...
2025-12-08 11:40:24 | INFO | Loading test dataset...
2025-12-08 11:40:24 | INFO | Loading DSL dataset from: Dataset\DSL-StrongPasswordData-Original_Dataset.xls
2025-12-08 11:40:26 | INFO | Loaded dataset: 20400 samples, 34 features
2025-12-08 11:40:26 | INFO | Subjects: 51
2025-12-08 11:40:26 | INFO | Splitting dataset by subject...
2025-12-08 11:40:26 | INFO | Split: Train=12000 (30 subjects), Val=4000 (10 subjects), Test=4400 (11 subjects)
2025-12-08 11:40:26 | INFO | Running preprocessing pipeline...
2025-12-08 11:40:26 | INFO | Extracting timing features...
2025-12-08 11:40:26 | INFO | Extracted 31 timing features
2025-12-08 11:40:26 | INFO | Feature types: 11 hold, 10 DD, 10 UD
2025-12-08 11:40:26 | INFO | Handling outliers...
2025-12-08 11:40:26 | INFO | Clipped 1748 outlier values
2025-12-08 11:40:26 | INFO | Computing statistical features...
2025-12-08 11:40:26 | INFO | Added 7 statistical features
2025-12-08 11:40:26 | WARNING | Scaler not fitted, fitting now...
2025-12-08 11:40:26 | INFO | Preprocessing complete: torch.Size([4400, 38])
2025-12-08 11:40:26 | INFO | Test data loaded: torch.Size([4400, 38])
2025-12-08 11:40:26 | INFO | KeystrokeEmbeddingModel initialized: 38 -> 128
2025-12-08 11:40:26 | INFO | Architecture: [256, 512, 256, 128]
2025-12-08 11:40:26 | INFO | Model loaded successfully
2025-12-08 11:40:26 | INFO | Evaluating verification performance...
2025-12-08 11:40:26 | INFO | KeystrokeVerifier initialized
2025-12-08 11:40:26 | INFO | Adaptive threshold: True
2025-12-08 11:40:26 | INFO | Enrolling user: s004
2025-12-08 11:40:26 | INFO | Adaptive threshold for s004: 0.8060 (mean: 0.9305, std: 0.0623)
2025-12-08 11:40:26 | INFO | User s004 enrolled successfully with 50 samples
2025-12-08 11:40:26 | INFO | Verification: s004 - Verified=True, Confidence=0.931, Latency=1.3ms
2025-12-08 11:40:26 | INFO | Verification: s004 - Verified=True, Confidence=0.913, Latency=2.1ms
2025-12-08 11:40:26 | INFO | Verification: s004 - Verified=True, Confidence=0.876, Latency=3.5ms
2025-12-08 11:40:26 | INFO | Verification: s004 - Verified=False, Confidence=0.686, Latency=2.0ms
2025-12-08 11:40:26 | INFO | Verification: s004 - Verified=True, Confidence=0.893, Latency=1.4ms
2025-12-08 11:40:26 | INFO | Verification: s004 - Verified=True, Confidence=0.888, Latency=3.1ms
2025-12-08 11:40:26 | INFO | Verification: s004 - Verified=True, Confidence=0.932, Latency=2.4ms
2025-12-08 11:40:26 | INFO | Verification: s004 - Verified=True, Confidence=0.867, Latency=2.0ms
2025-12-08 11:40:26 | INFO | Verification: s004 - Verified=True, Confidence=0.874, Latency=2.6ms
2025-12-08 11:40:26 | INFO | Verification: s004 - Verified=True, Confidence=0.904, Latency=2.0ms
2025-12-08 11:40:26 | INFO | Verification: s004 - Verified=True, Confidence=0.911, Latency=3.0ms
2025-12-08 11:40:26 | INFO | Verification: s004 - Verified=True, Confidence=0.887, Latency=2.0ms
2025-12-08 11:40:26 | INFO | Verification: s004 - Verified=True, Confidence=0.891, Latency=2.0ms
2025-12-08 11:40:26 | INFO | Verification: s004 - Verified=True, Confidence=0.941, Latency=4.0ms
2025-12-08 11:40:26 | INFO | Verification: s004 - Verified=True, Confidence=0.959, Latency=5.4ms
2025-12-08 11:40:26 | INFO | Verification: s004 - Verified=True, Confidence=0.944, Latency=2.0ms
2025-12-08 11:40:26 | INFO | Verification: s004 - Verified=False, Confidence=0.766, Latency=2.4ms
2025-12-08 11:40:26 | INFO | Verification: s004 - Verified=True, Confidence=0.852, Latency=4.1ms
2025-12-08 11:40:26 | INFO | Verification: s004 - Verified=False, Confidence=0.707, Latency=6.9ms
2025-12-08 11:40:26 | INFO | Verification: s004 - Verified=True, Confidence=0.929, Latency=2.0ms
2025-12-08 11:40:26 | INFO | Verification: s004 - Verified=True, Confidence=0.937, Latency=2.0ms
2025-12-08 11:40:26 | INFO | Verification: s004 - Verified=True, Confidence=0.970, Latency=6.0ms
2025-12-08 11:40:26 | INFO | Verification: s004 - Verified=True, Confidence=0.941, Latency=3.0ms
2025-12-08 11:40:26 | INFO | Verification: s004 - Verified=True, Confidence=0.864, Latency=2.0ms
2025-12-08 11:40:26 | INFO | Verification: s004 - Verified=True, Confidence=0.945, Latency=3.5ms
2025-12-08 11:40:26 | INFO | Verification: s004 - Verified=False, Confidence=0.535, Latency=1.0ms
2025-12-08 11:40:26 | INFO | Verification: s004 - Verified=False, Confidence=0.326, Latency=1.0ms
2025-12-08 11:40:26 | INFO | Verification: s004 - Verified=False, Confidence=0.489, Latency=2.5ms
2025-12-08 11:40:26 | INFO | Verification: s004 - Verified=False, Confidence=0.456, Latency=3.4ms
2025-12-08 11:40:26 | INFO | Verification: s004 - Verified=False, Confidence=0.475, Latency=5.4ms
2025-12-08 11:40:26 | INFO | Verification: s004 - Verified=False, Confidence=0.797, Latency=2.0ms
2025-12-08 11:40:26 | INFO | Verification: s004 - Verified=False, Confidence=0.741, Latency=2.0ms
2025-12-08 11:40:26 | INFO | Verification: s004 - Verified=False, Confidence=0.683, Latency=3.0ms
2025-12-08 11:40:26 | INFO | Verification: s004 - Verified=True, Confidence=0.897, Latency=2.0ms
2025-12-08 11:40:26 | INFO | Verification: s004 - Verified=False, Confidence=0.634, Latency=4.2ms
2025-12-08 11:40:26 | INFO | Verification: s004 - Verified=True, Confidence=0.925, Latency=1.3ms
2025-12-08 11:40:26 | INFO | Verification: s004 - Verified=False, Confidence=0.734, Latency=2.0ms
2025-12-08 11:40:26 | INFO | Verification: s004 - Verified=False, Confidence=0.706, Latency=2.4ms
2025-12-08 11:40:26 | INFO | Verification: s004 - Verified=True, Confidence=0.961, Latency=3.4ms
2025-12-08 11:40:26 | INFO | Verification: s004 - Verified=True, Confidence=0.965, Latency=2.2ms
2025-12-08 11:40:26 | INFO | Verification: s004 - Verified=False, Confidence=0.553, Latency=3.0ms
2025-12-08 11:40:26 | INFO | Verification: s004 - Verified=False, Confidence=0.361, Latency=2.2ms
2025-12-08 11:40:26 | INFO | Verification: s004 - Verified=False, Confidence=0.467, Latency=2.0ms
2025-12-08 11:40:26 | INFO | Verification: s004 - Verified=False, Confidence=0.461, Latency=5.5ms
2025-12-08 11:40:26 | INFO | Verification: s004 - Verified=False, Confidence=0.639, Latency=2.0ms
2025-12-08 11:40:26 | INFO | Verification: s004 - Verified=False, Confidence=0.228, Latency=3.0ms
2025-12-08 11:40:26 | INFO | Verification: s004 - Verified=False, Confidence=0.347, Latency=2.3ms
2025-12-08 11:40:26 | INFO | Verification: s004 - Verified=False, Confidence=0.198, Latency=4.0ms
2025-12-08 11:40:26 | INFO | Verification: s004 - Verified=False, Confidence=0.206, Latency=1.0ms
2025-12-08 11:40:26 | INFO | Verification: s004 - Verified=False, Confidence=0.176, Latency=2.0ms
2025-12-08 11:40:26 | INFO | Enrolling user: s005
2025-12-08 11:40:26 | INFO | Adaptive threshold for s005: 0.9406 (mean: 0.9799, std: 0.0196)
2025-12-08 11:40:26 | INFO | User s005 enrolled successfully with 50 samples
2025-12-08 11:40:26 | INFO | Verification: s005 - Verified=True, Confidence=0.992, Latency=2.4ms
2025-12-08 11:40:26 | INFO | Verification: s005 - Verified=True, Confidence=0.972, Latency=2.1ms
2025-12-08 11:40:26 | INFO | Verification: s005 - Verified=True, Confidence=0.998, Latency=5.1ms
2025-12-08 11:40:26 | INFO | Verification: s005 - Verified=True, Confidence=0.993, Latency=2.2ms
2025-12-08 11:40:26 | INFO | Verification: s005 - Verified=True, Confidence=0.957, Latency=2.2ms
2025-12-08 11:40:26 | INFO | Verification: s005 - Verified=True, Confidence=0.985, Latency=2.3ms
2025-12-08 11:40:26 | INFO | Verification: s005 - Verified=True, Confidence=0.997, Latency=2.4ms
2025-12-08 11:40:26 | INFO | Verification: s005 - Verified=True, Confidence=0.998, Latency=4.0ms
2025-12-08 11:40:26 | INFO | Verification: s005 - Verified=True, Confidence=0.994, Latency=3.3ms
2025-12-08 11:40:26 | INFO | Verification: s005 - Verified=True, Confidence=0.997, Latency=2.0ms
2025-12-08 11:40:26 | INFO | Verification: s005 - Verified=True, Confidence=0.974, Latency=3.2ms
2025-12-08 11:40:26 | INFO | Verification: s005 - Verified=True, Confidence=0.995, Latency=1.0ms
2025-12-08 11:40:26 | INFO | Verification: s005 - Verified=True, Confidence=0.980, Latency=3.0ms
2025-12-08 11:40:26 | INFO | Verification: s005 - Verified=True, Confidence=0.981, Latency=1.7ms
2025-12-08 11:40:26 | INFO | Verification: s005 - Verified=True, Confidence=0.983, Latency=1.0ms
2025-12-08 11:40:26 | INFO | Verification: s005 - Verified=True, Confidence=0.985, Latency=1.0ms
2025-12-08 11:40:26 | INFO | Verification: s005 - Verified=False, Confidence=0.937, Latency=3.2ms
2025-12-08 11:40:26 | INFO | Verification: s005 - Verified=True, Confidence=0.994, Latency=1.1ms
2025-12-08 11:40:26 | INFO | Verification: s005 - Verified=True, Confidence=0.998, Latency=3.1ms
2025-12-08 11:40:26 | INFO | Verification: s005 - Verified=True, Confidence=0.994, Latency=2.2ms
2025-12-08 11:40:26 | INFO | Verification: s005 - Verified=True, Confidence=0.981, Latency=3.3ms
2025-12-08 11:40:26 | INFO | Verification: s005 - Verified=True, Confidence=0.970, Latency=4.1ms
2025-12-08 11:40:26 | INFO | Verification: s005 - Verified=False, Confidence=0.938, Latency=2.4ms
2025-12-08 11:40:26 | INFO | Verification: s005 - Verified=True, Confidence=0.998, Latency=3.1ms
2025-12-08 11:40:26 | INFO | Verification: s005 - Verified=True, Confidence=0.997, Latency=2.0ms
2025-12-08 11:40:26 | INFO | Verification: s005 - Verified=False, Confidence=0.799, Latency=5.2ms
2025-12-08 11:40:26 | INFO | Verification: s005 - Verified=False, Confidence=0.406, Latency=2.5ms
2025-12-08 11:40:26 | INFO | Verification: s005 - Verified=False, Confidence=0.656, Latency=2.0ms
2025-12-08 11:40:26 | INFO | Verification: s005 - Verified=False, Confidence=0.615, Latency=2.4ms
2025-12-08 11:40:26 | INFO | Verification: s005 - Verified=False, Confidence=0.708, Latency=2.0ms
2025-12-08 11:40:26 | INFO | Verification: s005 - Verified=False, Confidence=0.277, Latency=2.0ms
2025-12-08 11:40:26 | INFO | Verification: s005 - Verified=False, Confidence=0.583, Latency=2.0ms
2025-12-08 11:40:26 | INFO | Verification: s005 - Verified=False, Confidence=0.621, Latency=2.0ms
2025-12-08 11:40:27 | INFO | Verification: s005 - Verified=False, Confidence=0.341, Latency=2.5ms
2025-12-08 11:40:27 | INFO | Verification: s005 - Verified=False, Confidence=0.191, Latency=3.3ms
2025-12-08 11:40:27 | INFO | Verification: s005 - Verified=False, Confidence=0.736, Latency=2.5ms
2025-12-08 11:40:27 | INFO | Verification: s005 - Verified=False, Confidence=0.848, Latency=2.0ms
2025-12-08 11:40:27 | INFO | Verification: s005 - Verified=False, Confidence=0.901, Latency=3.0ms
2025-12-08 11:40:27 | INFO | Verification: s005 - Verified=False, Confidence=0.615, Latency=3.3ms
2025-12-08 11:40:27 | INFO | Verification: s005 - Verified=False, Confidence=0.504, Latency=4.0ms
2025-12-08 11:40:27 | INFO | Verification: s005 - Verified=False, Confidence=0.735, Latency=2.1ms
2025-12-08 11:40:27 | INFO | Verification: s005 - Verified=False, Confidence=0.587, Latency=2.3ms
2025-12-08 11:40:27 | INFO | Verification: s005 - Verified=False, Confidence=0.726, Latency=2.0ms
2025-12-08 11:40:27 | INFO | Verification: s005 - Verified=False, Confidence=0.480, Latency=3.4ms
2025-12-08 11:40:27 | INFO | Verification: s005 - Verified=False, Confidence=0.741, Latency=2.6ms
2025-12-08 11:40:27 | INFO | Verification: s005 - Verified=False, Confidence=0.488, Latency=1.0ms
2025-12-08 11:40:27 | INFO | Verification: s005 - Verified=False, Confidence=0.502, Latency=2.0ms
2025-12-08 11:40:27 | INFO | Verification: s005 - Verified=False, Confidence=0.555, Latency=3.0ms
2025-12-08 11:40:27 | INFO | Verification: s005 - Verified=False, Confidence=0.468, Latency=6.5ms
2025-12-08 11:40:27 | INFO | Verification: s005 - Verified=False, Confidence=0.468, Latency=2.1ms
2025-12-08 11:40:27 | INFO | Enrolling user: s010
2025-12-08 11:40:27 | INFO | Adaptive threshold for s010: 0.8385 (mean: 0.9493, std: 0.0554)
2025-12-08 11:40:27 | INFO | User s010 enrolled successfully with 50 samples
2025-12-08 11:40:27 | INFO | Verification: s010 - Verified=False, Confidence=0.789, Latency=2.4ms
2025-12-08 11:40:27 | INFO | Verification: s010 - Verified=True, Confidence=0.937, Latency=2.3ms
2025-12-08 11:40:27 | INFO | Verification: s010 - Verified=True, Confidence=0.962, Latency=5.1ms
2025-12-08 11:40:27 | INFO | Verification: s010 - Verified=True, Confidence=0.950, Latency=3.2ms
2025-12-08 11:40:27 | INFO | Verification: s010 - Verified=True, Confidence=0.966, Latency=2.3ms
2025-12-08 11:40:27 | INFO | Verification: s010 - Verified=True, Confidence=0.981, Latency=3.0ms
2025-12-08 11:40:27 | INFO | Verification: s010 - Verified=True, Confidence=0.921, Latency=1.5ms
2025-12-08 11:40:27 | INFO | Verification: s010 - Verified=True, Confidence=0.862, Latency=5.0ms
2025-12-08 11:40:27 | INFO | Verification: s010 - Verified=True, Confidence=0.957, Latency=3.0ms
2025-12-08 11:40:27 | INFO | Verification: s010 - Verified=True, Confidence=0.968, Latency=2.0ms
2025-12-08 11:40:27 | INFO | Verification: s010 - Verified=True, Confidence=0.900, Latency=4.9ms
2025-12-08 11:40:27 | INFO | Verification: s010 - Verified=True, Confidence=0.959, Latency=4.0ms
2025-12-08 11:40:27 | INFO | Verification: s010 - Verified=True, Confidence=0.972, Latency=2.1ms
2025-12-08 11:40:27 | INFO | Verification: s010 - Verified=True, Confidence=0.985, Latency=2.0ms
2025-12-08 11:40:27 | INFO | Verification: s010 - Verified=True, Confidence=0.976, Latency=2.5ms
2025-12-08 11:40:27 | INFO | Verification: s010 - Verified=True, Confidence=0.930, Latency=1.3ms
2025-12-08 11:40:27 | INFO | Verification: s010 - Verified=True, Confidence=0.964, Latency=4.5ms
2025-12-08 11:40:27 | INFO | Verification: s010 - Verified=True, Confidence=0.988, Latency=2.0ms
2025-12-08 11:40:27 | INFO | Verification: s010 - Verified=True, Confidence=0.935, Latency=3.1ms
2025-12-08 11:40:27 | INFO | Verification: s010 - Verified=True, Confidence=0.959, Latency=3.6ms
2025-12-08 11:40:27 | INFO | Verification: s010 - Verified=True, Confidence=0.960, Latency=4.1ms
2025-12-08 11:40:27 | INFO | Verification: s010 - Verified=True, Confidence=0.956, Latency=2.0ms
2025-12-08 11:40:27 | INFO | Verification: s010 - Verified=True, Confidence=0.983, Latency=1.5ms
2025-12-08 11:40:27 | INFO | Verification: s010 - Verified=True, Confidence=0.991, Latency=1.0ms
2025-12-08 11:40:27 | INFO | Verification: s010 - Verified=True, Confidence=0.898, Latency=3.8ms
2025-12-08 11:40:27 | INFO | Verification: s010 - Verified=False, Confidence=0.650, Latency=3.3ms
2025-12-08 11:40:27 | INFO | Verification: s010 - Verified=True, Confidence=0.881, Latency=2.0ms
2025-12-08 11:40:27 | INFO | Verification: s010 - Verified=False, Confidence=0.778, Latency=1.5ms
2025-12-08 11:40:27 | INFO | Verification: s010 - Verified=False, Confidence=0.768, Latency=3.0ms
2025-12-08 11:40:27 | INFO | Verification: s010 - Verified=False, Confidence=0.722, Latency=2.5ms
2025-12-08 11:40:27 | INFO | Verification: s010 - Verified=False, Confidence=0.250, Latency=4.0ms
2025-12-08 11:40:27 | INFO | Verification: s010 - Verified=False, Confidence=0.207, Latency=2.2ms
2025-12-08 11:40:27 | INFO | Verification: s010 - Verified=False, Confidence=0.226, Latency=4.8ms
2025-12-08 11:40:27 | INFO | Verification: s010 - Verified=False, Confidence=0.206, Latency=3.1ms
2025-12-08 11:40:27 | INFO | Verification: s010 - Verified=False, Confidence=0.252, Latency=3.5ms
2025-12-08 11:40:27 | INFO | Verification: s010 - Verified=False, Confidence=0.563, Latency=3.4ms
2025-12-08 11:40:27 | INFO | Verification: s010 - Verified=False, Confidence=0.389, Latency=3.0ms
2025-12-08 11:40:27 | INFO | Verification: s010 - Verified=False, Confidence=0.367, Latency=2.2ms
2025-12-08 11:40:27 | INFO | Verification: s010 - Verified=False, Confidence=0.634, Latency=4.4ms
2025-12-08 11:40:27 | INFO | Verification: s010 - Verified=False, Confidence=0.693, Latency=2.2ms
2025-12-08 11:40:27 | INFO | Verification: s010 - Verified=False, Confidence=0.414, Latency=2.0ms
2025-12-08 11:40:27 | INFO | Verification: s010 - Verified=False, Confidence=0.349, Latency=3.2ms
2025-12-08 11:40:27 | INFO | Verification: s010 - Verified=False, Confidence=0.584, Latency=4.1ms
2025-12-08 11:40:27 | INFO | Verification: s010 - Verified=False, Confidence=0.720, Latency=2.2ms
2025-12-08 11:40:27 | INFO | Verification: s010 - Verified=False, Confidence=0.664, Latency=3.0ms
2025-12-08 11:40:27 | INFO | Verification: s010 - Verified=False, Confidence=0.499, Latency=3.4ms
2025-12-08 11:40:27 | INFO | Verification: s010 - Verified=False, Confidence=0.648, Latency=3.1ms
2025-12-08 11:40:27 | INFO | Verification: s010 - Verified=False, Confidence=0.322, Latency=2.4ms
2025-12-08 11:40:27 | INFO | Verification: s010 - Verified=False, Confidence=0.443, Latency=3.0ms
2025-12-08 11:40:27 | INFO | Verification: s010 - Verified=False, Confidence=0.378, Latency=2.0ms
2025-12-08 11:40:27 | INFO | Enrolling user: s020
2025-12-08 11:40:27 | INFO | Adaptive threshold for s020: 0.7874 (mean: 0.9510, std: 0.0818)
2025-12-08 11:40:27 | INFO | User s020 enrolled successfully with 50 samples
2025-12-08 11:40:27 | INFO | Verification: s020 - Verified=False, Confidence=0.694, Latency=2.1ms
2025-12-08 11:40:27 | INFO | Verification: s020 - Verified=False, Confidence=0.582, Latency=1.2ms
2025-12-08 11:40:27 | INFO | Verification: s020 - Verified=False, Confidence=0.662, Latency=2.1ms
2025-12-08 11:40:27 | INFO | Verification: s020 - Verified=False, Confidence=0.547, Latency=4.0ms
2025-12-08 11:40:27 | INFO | Verification: s020 - Verified=False, Confidence=0.626, Latency=3.2ms
2025-12-08 11:40:27 | INFO | Verification: s020 - Verified=False, Confidence=0.587, Latency=3.0ms
2025-12-08 11:40:27 | INFO | Verification: s020 - Verified=False, Confidence=0.707, Latency=1.4ms
2025-12-08 11:40:27 | INFO | Verification: s020 - Verified=False, Confidence=0.570, Latency=6.0ms
2025-12-08 11:40:27 | INFO | Verification: s020 - Verified=False, Confidence=0.578, Latency=2.0ms
2025-12-08 11:40:27 | INFO | Verification: s020 - Verified=False, Confidence=0.629, Latency=1.0ms
2025-12-08 11:40:27 | INFO | Verification: s020 - Verified=False, Confidence=0.636, Latency=1.0ms
2025-12-08 11:40:27 | INFO | Verification: s020 - Verified=True, Confidence=0.907, Latency=4.0ms
2025-12-08 11:40:27 | INFO | Verification: s020 - Verified=False, Confidence=0.742, Latency=5.5ms
2025-12-08 11:40:27 | INFO | Verification: s020 - Verified=True, Confidence=0.870, Latency=2.0ms
2025-12-08 11:40:27 | INFO | Verification: s020 - Verified=False, Confidence=0.684, Latency=3.1ms
2025-12-08 11:40:27 | INFO | Verification: s020 - Verified=True, Confidence=0.917, Latency=1.0ms
2025-12-08 11:40:27 | INFO | Verification: s020 - Verified=True, Confidence=0.846, Latency=5.5ms
2025-12-08 11:40:27 | INFO | Verification: s020 - Verified=True, Confidence=0.975, Latency=2.0ms
2025-12-08 11:40:27 | INFO | Verification: s020 - Verified=True, Confidence=0.975, Latency=2.4ms
2025-12-08 11:40:27 | INFO | Verification: s020 - Verified=True, Confidence=0.966, Latency=2.2ms
2025-12-08 11:40:27 | INFO | Verification: s020 - Verified=True, Confidence=0.967, Latency=3.2ms
2025-12-08 11:40:27 | INFO | Verification: s020 - Verified=False, Confidence=0.614, Latency=3.2ms
2025-12-08 11:40:27 | INFO | Verification: s020 - Verified=False, Confidence=0.542, Latency=2.3ms
2025-12-08 11:40:27 | INFO | Verification: s020 - Verified=False, Confidence=0.547, Latency=2.0ms
2025-12-08 11:40:27 | INFO | Verification: s020 - Verified=False, Confidence=0.687, Latency=3.3ms
2025-12-08 11:40:27 | INFO | Verification: s020 - Verified=False, Confidence=0.616, Latency=3.3ms
2025-12-08 11:40:27 | INFO | Verification: s020 - Verified=True, Confidence=0.796, Latency=2.2ms
2025-12-08 11:40:27 | INFO | Verification: s020 - Verified=False, Confidence=0.724, Latency=2.1ms
2025-12-08 11:40:27 | INFO | Verification: s020 - Verified=True, Confidence=0.930, Latency=3.0ms
2025-12-08 11:40:27 | INFO | Verification: s020 - Verified=True, Confidence=0.826, Latency=2.2ms
2025-12-08 11:40:27 | INFO | Verification: s020 - Verified=False, Confidence=0.417, Latency=5.5ms
2025-12-08 11:40:27 | INFO | Verification: s020 - Verified=False, Confidence=0.279, Latency=2.0ms
2025-12-08 11:40:27 | INFO | Verification: s020 - Verified=False, Confidence=0.408, Latency=2.0ms
2025-12-08 11:40:27 | INFO | Verification: s020 - Verified=False, Confidence=0.386, Latency=3.3ms
2025-12-08 11:40:27 | INFO | Verification: s020 - Verified=False, Confidence=0.360, Latency=2.0ms
2025-12-08 11:40:27 | INFO | Verification: s020 - Verified=True, Confidence=0.814, Latency=2.7ms
2025-12-08 11:40:27 | INFO | Verification: s020 - Verified=False, Confidence=0.551, Latency=2.0ms
2025-12-08 11:40:27 | INFO | Verification: s020 - Verified=False, Confidence=0.627, Latency=1.4ms
2025-12-08 11:40:27 | INFO | Verification: s020 - Verified=True, Confidence=0.912, Latency=2.5ms
2025-12-08 11:40:27 | INFO | Verification: s020 - Verified=False, Confidence=0.637, Latency=2.0ms
2025-12-08 11:40:27 | INFO | Verification: s020 - Verified=False, Confidence=0.378, Latency=2.5ms
2025-12-08 11:40:27 | INFO | Verification: s020 - Verified=False, Confidence=0.234, Latency=2.3ms
2025-12-08 11:40:27 | INFO | Verification: s020 - Verified=False, Confidence=0.376, Latency=3.2ms
2025-12-08 11:40:27 | INFO | Verification: s020 - Verified=False, Confidence=0.478, Latency=3.0ms
2025-12-08 11:40:27 | INFO | Verification: s020 - Verified=False, Confidence=0.497, Latency=3.7ms
2025-12-08 11:40:27 | INFO | Verification: s020 - Verified=False, Confidence=0.258, Latency=3.0ms
2025-12-08 11:40:27 | INFO | Verification: s020 - Verified=False, Confidence=0.345, Latency=1.2ms
2025-12-08 11:40:27 | INFO | Verification: s020 - Verified=False, Confidence=0.186, Latency=4.1ms
2025-12-08 11:40:27 | INFO | Verification: s020 - Verified=False, Confidence=0.215, Latency=5.3ms
2025-12-08 11:40:27 | INFO | Verification: s020 - Verified=False, Confidence=0.194, Latency=3.5ms
2025-12-08 11:40:27 | INFO | Enrolling user: s021
2025-12-08 11:40:27 | INFO | Adaptive threshold for s021: 0.6721 (mean: 0.8722, std: 0.1000)
2025-12-08 11:40:27 | INFO | User s021 enrolled successfully with 50 samples
2025-12-08 11:40:27 | INFO | Verification: s021 - Verified=True, Confidence=0.817, Latency=1.4ms
2025-12-08 11:40:27 | INFO | Verification: s021 - Verified=True, Confidence=0.889, Latency=2.6ms
2025-12-08 11:40:27 | INFO | Verification: s021 - Verified=True, Confidence=0.813, Latency=2.0ms
2025-12-08 11:40:27 | INFO | Verification: s021 - Verified=True, Confidence=0.876, Latency=1.0ms
2025-12-08 11:40:27 | INFO | Verification: s021 - Verified=True, Confidence=0.811, Latency=2.4ms
2025-12-08 11:40:27 | INFO | Verification: s021 - Verified=True, Confidence=0.916, Latency=2.4ms
2025-12-08 11:40:27 | INFO | Verification: s021 - Verified=True, Confidence=0.917, Latency=2.0ms
2025-12-08 11:40:27 | INFO | Verification: s021 - Verified=True, Confidence=0.926, Latency=3.3ms
2025-12-08 11:40:27 | INFO | Verification: s021 - Verified=True, Confidence=0.806, Latency=3.3ms
2025-12-08 11:40:27 | INFO | Verification: s021 - Verified=True, Confidence=0.697, Latency=6.0ms
2025-12-08 11:40:27 | INFO | Verification: s021 - Verified=True, Confidence=0.840, Latency=3.0ms
2025-12-08 11:40:27 | INFO | Verification: s021 - Verified=True, Confidence=0.835, Latency=2.0ms
2025-12-08 11:40:27 | INFO | Verification: s021 - Verified=True, Confidence=0.858, Latency=4.0ms
2025-12-08 11:40:27 | INFO | Verification: s021 - Verified=True, Confidence=0.860, Latency=3.0ms
2025-12-08 11:40:27 | INFO | Verification: s021 - Verified=True, Confidence=0.810, Latency=4.0ms
2025-12-08 11:40:27 | INFO | Verification: s021 - Verified=True, Confidence=0.929, Latency=2.0ms
2025-12-08 11:40:27 | INFO | Verification: s021 - Verified=True, Confidence=0.874, Latency=4.0ms
2025-12-08 11:40:27 | INFO | Verification: s021 - Verified=True, Confidence=0.875, Latency=2.0ms
2025-12-08 11:40:27 | INFO | Verification: s021 - Verified=True, Confidence=0.893, Latency=0.0ms
2025-12-08 11:40:27 | INFO | Verification: s021 - Verified=True, Confidence=0.937, Latency=2.3ms
2025-12-08 11:40:27 | INFO | Verification: s021 - Verified=True, Confidence=0.761, Latency=2.4ms
2025-12-08 11:40:27 | INFO | Verification: s021 - Verified=True, Confidence=0.910, Latency=3.2ms
2025-12-08 11:40:27 | INFO | Verification: s021 - Verified=True, Confidence=0.945, Latency=2.5ms
2025-12-08 11:40:27 | INFO | Verification: s021 - Verified=True, Confidence=0.920, Latency=1.2ms
2025-12-08 11:40:27 | INFO | Verification: s021 - Verified=True, Confidence=0.868, Latency=2.2ms
2025-12-08 11:40:27 | INFO | Verification: s021 - Verified=True, Confidence=0.882, Latency=3.0ms
2025-12-08 11:40:27 | INFO | Verification: s021 - Verified=True, Confidence=0.800, Latency=2.0ms
2025-12-08 11:40:27 | INFO | Verification: s021 - Verified=True, Confidence=0.891, Latency=4.3ms
2025-12-08 11:40:27 | INFO | Verification: s021 - Verified=True, Confidence=0.774, Latency=3.1ms
2025-12-08 11:40:27 | INFO | Verification: s021 - Verified=True, Confidence=0.819, Latency=2.4ms
2025-12-08 11:40:27 | INFO | Verification: s021 - Verified=False, Confidence=0.552, Latency=2.1ms
2025-12-08 11:40:27 | INFO | Verification: s021 - Verified=False, Confidence=0.502, Latency=2.0ms
2025-12-08 11:40:27 | INFO | Verification: s021 - Verified=False, Confidence=0.545, Latency=2.0ms
2025-12-08 11:40:27 | INFO | Verification: s021 - Verified=False, Confidence=0.523, Latency=3.3ms
2025-12-08 11:40:27 | INFO | Verification: s021 - Verified=False, Confidence=0.586, Latency=5.0ms
2025-12-08 11:40:27 | INFO | Verification: s021 - Verified=True, Confidence=0.796, Latency=5.0ms
2025-12-08 11:40:27 | INFO | Verification: s021 - Verified=True, Confidence=0.830, Latency=2.2ms
2025-12-08 11:40:27 | INFO | Verification: s021 - Verified=True, Confidence=0.965, Latency=3.1ms
2025-12-08 11:40:27 | INFO | Verification: s021 - Verified=True, Confidence=0.761, Latency=6.0ms
2025-12-08 11:40:27 | INFO | Verification: s021 - Verified=True, Confidence=0.747, Latency=3.0ms
2025-12-08 11:40:27 | INFO | Verification: s021 - Verified=False, Confidence=0.637, Latency=2.0ms
2025-12-08 11:40:27 | INFO | Verification: s021 - Verified=False, Confidence=0.602, Latency=4.2ms
2025-12-08 11:40:27 | INFO | Verification: s021 - Verified=False, Confidence=0.619, Latency=2.5ms
2025-12-08 11:40:27 | INFO | Verification: s021 - Verified=False, Confidence=0.597, Latency=2.0ms
2025-12-08 11:40:27 | INFO | Verification: s021 - Verified=False, Confidence=0.568, Latency=4.4ms
2025-12-08 11:40:27 | INFO | Verification: s021 - Verified=False, Confidence=0.592, Latency=3.1ms
2025-12-08 11:40:27 | INFO | Verification: s021 - Verified=True, Confidence=0.769, Latency=1.0ms
2025-12-08 11:40:27 | INFO | Verification: s021 - Verified=False, Confidence=0.417, Latency=3.5ms
2025-12-08 11:40:27 | INFO | Verification: s021 - Verified=False, Confidence=0.495, Latency=2.2ms
2025-12-08 11:40:27 | INFO | Verification: s021 - Verified=False, Confidence=0.418, Latency=4.2ms
2025-12-08 11:40:27 | INFO | Enrolling user: s022
2025-12-08 11:40:27 | INFO | Adaptive threshold for s022: 0.9147 (mean: 0.9852, std: 0.0353)
2025-12-08 11:40:27 | INFO | User s022 enrolled successfully with 50 samples
2025-12-08 11:40:27 | INFO | Verification: s022 - Verified=True, Confidence=0.986, Latency=2.5ms
2025-12-08 11:40:27 | INFO | Verification: s022 - Verified=True, Confidence=0.998, Latency=2.1ms
2025-12-08 11:40:27 | INFO | Verification: s022 - Verified=True, Confidence=0.997, Latency=3.0ms
2025-12-08 11:40:27 | INFO | Verification: s022 - Verified=True, Confidence=0.959, Latency=1.2ms
2025-12-08 11:40:27 | INFO | Verification: s022 - Verified=True, Confidence=0.997, Latency=2.1ms
2025-12-08 11:40:27 | INFO | Verification: s022 - Verified=True, Confidence=0.990, Latency=2.0ms
2025-12-08 11:40:27 | INFO | Verification: s022 - Verified=True, Confidence=0.997, Latency=1.0ms
2025-12-08 11:40:27 | INFO | Verification: s022 - Verified=True, Confidence=0.998, Latency=2.0ms
2025-12-08 11:40:27 | INFO | Verification: s022 - Verified=True, Confidence=0.994, Latency=4.0ms
2025-12-08 11:40:27 | INFO | Verification: s022 - Verified=True, Confidence=0.994, Latency=1.1ms
2025-12-08 11:40:27 | INFO | Verification: s022 - Verified=True, Confidence=0.996, Latency=2.2ms
2025-12-08 11:40:27 | INFO | Verification: s022 - Verified=True, Confidence=0.995, Latency=2.0ms
2025-12-08 11:40:27 | INFO | Verification: s022 - Verified=True, Confidence=0.998, Latency=7.0ms
2025-12-08 11:40:27 | INFO | Verification: s022 - Verified=True, Confidence=0.996, Latency=2.0ms
2025-12-08 11:40:27 | INFO | Verification: s022 - Verified=True, Confidence=0.992, Latency=5.4ms
2025-12-08 11:40:27 | INFO | Verification: s022 - Verified=True, Confidence=0.993, Latency=4.2ms
2025-12-08 11:40:27 | INFO | Verification: s022 - Verified=True, Confidence=0.991, Latency=2.0ms
2025-12-08 11:40:27 | INFO | Verification: s022 - Verified=True, Confidence=0.987, Latency=4.2ms
2025-12-08 11:40:27 | INFO | Verification: s022 - Verified=True, Confidence=0.991, Latency=5.1ms
2025-12-08 11:40:27 | INFO | Verification: s022 - Verified=True, Confidence=0.996, Latency=3.3ms
2025-12-08 11:40:27 | INFO | Verification: s022 - Verified=True, Confidence=0.993, Latency=3.1ms
2025-12-08 11:40:27 | INFO | Verification: s022 - Verified=True, Confidence=0.994, Latency=3.1ms
2025-12-08 11:40:27 | INFO | Verification: s022 - Verified=True, Confidence=0.996, Latency=3.3ms
2025-12-08 11:40:27 | INFO | Verification: s022 - Verified=True, Confidence=0.996, Latency=3.0ms
2025-12-08 11:40:27 | INFO | Verification: s022 - Verified=True, Confidence=0.993, Latency=4.0ms
2025-12-08 11:40:27 | INFO | Verification: s022 - Verified=False, Confidence=0.393, Latency=4.0ms
2025-12-08 11:40:27 | INFO | Verification: s022 - Verified=False, Confidence=0.274, Latency=2.0ms
2025-12-08 11:40:27 | INFO | Verification: s022 - Verified=False, Confidence=0.358, Latency=1.0ms
2025-12-08 11:40:27 | INFO | Verification: s022 - Verified=False, Confidence=0.168, Latency=2.0ms
2025-12-08 11:40:27 | INFO | Verification: s022 - Verified=False, Confidence=0.214, Latency=2.5ms
2025-12-08 11:40:27 | INFO | Verification: s022 - Verified=False, Confidence=0.449, Latency=4.9ms
2025-12-08 11:40:27 | INFO | Verification: s022 - Verified=False, Confidence=0.690, Latency=3.2ms
2025-12-08 11:40:28 | INFO | Verification: s022 - Verified=False, Confidence=0.461, Latency=3.2ms
2025-12-08 11:40:28 | INFO | Verification: s022 - Verified=False, Confidence=0.488, Latency=2.0ms
2025-12-08 11:40:28 | INFO | Verification: s022 - Verified=False, Confidence=0.532, Latency=1.0ms
2025-12-08 11:40:28 | INFO | Verification: s022 - Verified=False, Confidence=0.339, Latency=4.3ms
2025-12-08 11:40:28 | INFO | Verification: s022 - Verified=False, Confidence=0.486, Latency=2.0ms
2025-12-08 11:40:28 | INFO | Verification: s022 - Verified=False, Confidence=0.402, Latency=3.0ms
2025-12-08 11:40:28 | INFO | Verification: s022 - Verified=False, Confidence=0.277, Latency=4.0ms
2025-12-08 11:40:28 | INFO | Verification: s022 - Verified=False, Confidence=0.496, Latency=1.4ms
2025-12-08 11:40:28 | INFO | Verification: s022 - Verified=False, Confidence=0.156, Latency=2.0ms
2025-12-08 11:40:28 | INFO | Verification: s022 - Verified=False, Confidence=0.199, Latency=2.2ms
2025-12-08 11:40:28 | INFO | Verification: s022 - Verified=False, Confidence=0.235, Latency=1.0ms
2025-12-08 11:40:28 | INFO | Verification: s022 - Verified=False, Confidence=0.130, Latency=3.0ms
2025-12-08 11:40:28 | INFO | Verification: s022 - Verified=False, Confidence=0.141, Latency=2.2ms
2025-12-08 11:40:28 | INFO | Verification: s022 - Verified=False, Confidence=0.627, Latency=1.0ms
2025-12-08 11:40:28 | INFO | Verification: s022 - Verified=False, Confidence=0.815, Latency=5.0ms
2025-12-08 11:40:28 | INFO | Verification: s022 - Verified=False, Confidence=0.631, Latency=1.2ms
2025-12-08 11:40:28 | INFO | Verification: s022 - Verified=False, Confidence=0.463, Latency=3.3ms
2025-12-08 11:40:28 | INFO | Verification: s022 - Verified=False, Confidence=0.551, Latency=2.4ms
2025-12-08 11:40:28 | INFO | Enrolling user: s026
2025-12-08 11:40:28 | INFO | Adaptive threshold for s026: 0.8663 (mean: 0.9515, std: 0.0426)
2025-12-08 11:40:28 | INFO | User s026 enrolled successfully with 50 samples
2025-12-08 11:40:28 | INFO | Verification: s026 - Verified=False, Confidence=0.796, Latency=2.1ms
2025-12-08 11:40:28 | INFO | Verification: s026 - Verified=False, Confidence=0.834, Latency=3.0ms
2025-12-08 11:40:28 | INFO | Verification: s026 - Verified=True, Confidence=0.868, Latency=6.6ms
2025-12-08 11:40:28 | INFO | Verification: s026 - Verified=False, Confidence=0.830, Latency=2.0ms
2025-12-08 11:40:28 | INFO | Verification: s026 - Verified=False, Confidence=0.833, Latency=2.0ms
2025-12-08 11:40:28 | INFO | Verification: s026 - Verified=True, Confidence=0.960, Latency=3.0ms
2025-12-08 11:40:28 | INFO | Verification: s026 - Verified=True, Confidence=0.868, Latency=3.0ms
2025-12-08 11:40:28 | INFO | Verification: s026 - Verified=True, Confidence=0.932, Latency=2.3ms
2025-12-08 11:40:28 | INFO | Verification: s026 - Verified=True, Confidence=0.887, Latency=2.4ms
2025-12-08 11:40:28 | INFO | Verification: s026 - Verified=True, Confidence=0.979, Latency=2.0ms
2025-12-08 11:40:28 | INFO | Verification: s026 - Verified=True, Confidence=0.876, Latency=3.9ms
2025-12-08 11:40:28 | INFO | Verification: s026 - Verified=True, Confidence=0.937, Latency=2.0ms
2025-12-08 11:40:28 | INFO | Verification: s026 - Verified=True, Confidence=0.910, Latency=2.0ms
2025-12-08 11:40:28 | INFO | Verification: s026 - Verified=True, Confidence=0.889, Latency=1.0ms
2025-12-08 11:40:28 | INFO | Verification: s026 - Verified=False, Confidence=0.847, Latency=1.0ms
2025-12-08 11:40:28 | INFO | Verification: s026 - Verified=True, Confidence=0.888, Latency=3.7ms
2025-12-08 11:40:28 | INFO | Verification: s026 - Verified=True, Confidence=0.943, Latency=4.4ms
2025-12-08 11:40:28 | INFO | Verification: s026 - Verified=True, Confidence=0.951, Latency=1.4ms
2025-12-08 11:40:28 | INFO | Verification: s026 - Verified=True, Confidence=0.960, Latency=1.0ms
2025-12-08 11:40:28 | INFO | Verification: s026 - Verified=True, Confidence=0.907, Latency=1.0ms
2025-12-08 11:40:28 | INFO | Verification: s026 - Verified=True, Confidence=0.876, Latency=3.8ms
2025-12-08 11:40:28 | INFO | Verification: s026 - Verified=True, Confidence=0.890, Latency=3.0ms
2025-12-08 11:40:28 | INFO | Verification: s026 - Verified=True, Confidence=0.925, Latency=2.2ms
2025-12-08 11:40:28 | INFO | Verification: s026 - Verified=True, Confidence=0.983, Latency=3.3ms
2025-12-08 11:40:28 | INFO | Verification: s026 - Verified=True, Confidence=0.929, Latency=4.0ms
2025-12-08 11:40:28 | INFO | Verification: s026 - Verified=False, Confidence=0.841, Latency=2.0ms
2025-12-08 11:40:28 | INFO | Verification: s026 - Verified=False, Confidence=0.813, Latency=6.8ms
2025-12-08 11:40:28 | INFO | Verification: s026 - Verified=True, Confidence=0.935, Latency=2.0ms
2025-12-08 11:40:28 | INFO | Verification: s026 - Verified=True, Confidence=0.896, Latency=2.0ms
2025-12-08 11:40:28 | INFO | Verification: s026 - Verified=False, Confidence=0.850, Latency=2.0ms
2025-12-08 11:40:28 | INFO | Verification: s026 - Verified=False, Confidence=0.372, Latency=2.5ms
2025-12-08 11:40:28 | INFO | Verification: s026 - Verified=False, Confidence=0.359, Latency=3.1ms
2025-12-08 11:40:28 | INFO | Verification: s026 - Verified=False, Confidence=0.392, Latency=3.3ms
2025-12-08 11:40:28 | INFO | Verification: s026 - Verified=False, Confidence=0.371, Latency=2.1ms
2025-12-08 11:40:28 | INFO | Verification: s026 - Verified=False, Confidence=0.397, Latency=3.0ms
2025-12-08 11:40:28 | INFO | Verification: s026 - Verified=True, Confidence=0.926, Latency=1.5ms
2025-12-08 11:40:28 | INFO | Verification: s026 - Verified=False, Confidence=0.692, Latency=2.4ms
2025-12-08 11:40:28 | INFO | Verification: s026 - Verified=True, Confidence=0.926, Latency=2.5ms
2025-12-08 11:40:28 | INFO | Verification: s026 - Verified=True, Confidence=0.930, Latency=2.0ms
2025-12-08 11:40:28 | INFO | Verification: s026 - Verified=False, Confidence=0.812, Latency=4.0ms
2025-12-08 11:40:28 | INFO | Verification: s026 - Verified=False, Confidence=0.666, Latency=3.5ms
2025-12-08 11:40:28 | INFO | Verification: s026 - Verified=False, Confidence=0.497, Latency=2.1ms
2025-12-08 11:40:28 | INFO | Verification: s026 - Verified=False, Confidence=0.499, Latency=3.1ms
2025-12-08 11:40:28 | INFO | Verification: s026 - Verified=False, Confidence=0.704, Latency=3.2ms
2025-12-08 11:40:28 | INFO | Verification: s026 - Verified=False, Confidence=0.716, Latency=6.0ms
2025-12-08 11:40:28 | INFO | Verification: s026 - Verified=False, Confidence=0.417, Latency=3.1ms
2025-12-08 11:40:28 | INFO | Verification: s026 - Verified=False, Confidence=0.286, Latency=3.5ms
2025-12-08 11:40:28 | INFO | Verification: s026 - Verified=False, Confidence=0.702, Latency=4.4ms
2025-12-08 11:40:28 | INFO | Verification: s026 - Verified=False, Confidence=0.780, Latency=2.0ms
2025-12-08 11:40:28 | INFO | Verification: s026 - Verified=False, Confidence=0.749, Latency=1.0ms
2025-12-08 11:40:28 | INFO | Enrolling user: s035
2025-12-08 11:40:28 | INFO | Adaptive threshold for s035: 0.7293 (mean: 0.8800, std: 0.0754)
2025-12-08 11:40:28 | INFO | User s035 enrolled successfully with 50 samples
2025-12-08 11:40:28 | INFO | Verification: s035 - Verified=True, Confidence=0.928, Latency=3.6ms
2025-12-08 11:40:28 | INFO | Verification: s035 - Verified=True, Confidence=0.851, Latency=3.4ms
2025-12-08 11:40:28 | INFO | Verification: s035 - Verified=True, Confidence=0.918, Latency=2.3ms
2025-12-08 11:40:28 | INFO | Verification: s035 - Verified=True, Confidence=0.819, Latency=3.5ms
2025-12-08 11:40:28 | INFO | Verification: s035 - Verified=True, Confidence=0.843, Latency=2.5ms
2025-12-08 11:40:28 | INFO | Verification: s035 - Verified=True, Confidence=0.857, Latency=4.0ms
2025-12-08 11:40:28 | INFO | Verification: s035 - Verified=True, Confidence=0.949, Latency=4.0ms
2025-12-08 11:40:28 | INFO | Verification: s035 - Verified=True, Confidence=0.852, Latency=3.2ms
2025-12-08 11:40:28 | INFO | Verification: s035 - Verified=True, Confidence=0.809, Latency=2.5ms
2025-12-08 11:40:28 | INFO | Verification: s035 - Verified=True, Confidence=0.811, Latency=3.4ms
2025-12-08 11:40:28 | INFO | Verification: s035 - Verified=True, Confidence=0.977, Latency=3.0ms
2025-12-08 11:40:28 | INFO | Verification: s035 - Verified=False, Confidence=0.728, Latency=3.0ms
2025-12-08 11:40:28 | INFO | Verification: s035 - Verified=True, Confidence=0.973, Latency=1.0ms
2025-12-08 11:40:28 | INFO | Verification: s035 - Verified=True, Confidence=0.980, Latency=2.0ms
2025-12-08 11:40:28 | INFO | Verification: s035 - Verified=True, Confidence=0.954, Latency=2.2ms
2025-12-08 11:40:28 | INFO | Verification: s035 - Verified=True, Confidence=0.917, Latency=4.2ms
2025-12-08 11:40:28 | INFO | Verification: s035 - Verified=True, Confidence=0.956, Latency=2.0ms
2025-12-08 11:40:28 | INFO | Verification: s035 - Verified=True, Confidence=0.896, Latency=2.1ms
